t;P0;P1;P2
0;1;0;0
0.01;0.99;0.01;0
0.02;0.98;0.02;0
0.03;0.971;0.029;0
0.04;0.962;0.038;0
0.05;0.953;0.047;0
0.060000000000000005;0.945;0.055;0
0.07;0.936;0.063;0.001
0.08;0.926;0.071;0.003
0.09;0.918;0.078;0.004
0.09999999999999999;0.91;0.085;0.005
0.10999999999999999;0.902;0.092;0.006
0.11999999999999998;0.895;0.098;0.007
0.12999999999999998;0.887;0.105;0.008
0.13999999999999999;0.88;0.11;0.01
0.15;0.871;0.119;0.01
0.16;0.864;0.123;0.013
0.17;0.856;0.13;0.014
0.18000000000000002;0.851;0.134;0.015
0.19000000000000003;0.843;0.141;0.016
0.20000000000000004;0.838;0.145;0.017
0.21000000000000005;0.831;0.151;0.018
0.22000000000000006;0.822;0.16;0.018
0.23000000000000007;0.815;0.166;0.019
0.24000000000000007;0.809;0.17;0.021
0.25000000000000006;0.803;0.173;0.024
0.26000000000000006;0.797;0.179;0.024
0.2700000000000001;0.791;0.183;0.026
0.2800000000000001;0.784;0.187;0.029
0.2900000000000001;0.776;0.193;0.031
0.3000000000000001;0.772;0.195;0.033
0.3100000000000001;0.765;0.201;0.034
0.3200000000000001;0.76;0.205;0.035
0.3300000000000001;0.755;0.209;0.036
0.34000000000000014;0.75;0.211;0.039
0.35000000000000014;0.745;0.214;0.041
0.36000000000000015;0.741;0.217;0.042
0.37000000000000016;0.736;0.221;0.043
0.38000000000000017;0.729;0.225;0.046
0.3900000000000002;0.723;0.229;0.048
0.4000000000000002;0.718;0.232;0.05
0.4100000000000002;0.716;0.233;0.051
0.4200000000000002;0.709;0.237;0.054
0.4300000000000002;0.707;0.236;0.057
0.4400000000000002;0.703;0.24;0.057
0.45000000000000023;0.697;0.244;0.059
0.46000000000000024;0.692;0.248;0.06
0.47000000000000025;0.689;0.247;0.064
0.48000000000000026;0.683;0.252;0.065
0.49000000000000027;0.68;0.255;0.065
0.5000000000000002;0.676;0.256;0.068
0.5100000000000002;0.672;0.258;0.07
0.5200000000000002;0.666;0.262;0.072
0.5300000000000002;0.659;0.269;0.072
0.5400000000000003;0.655;0.271;0.074
0.5500000000000003;0.653;0.27;0.077
0.5600000000000003;0.65;0.272;0.078
0.5700000000000003;0.646;0.272;0.082
0.5800000000000003;0.644;0.275;0.081
0.5900000000000003;0.64;0.274;0.086
0.6000000000000003;0.636;0.275;0.089
0.6100000000000003;0.631;0.28;0.089
0.6200000000000003;0.628;0.282;0.09
0.6300000000000003;0.625;0.285;0.09
0.6400000000000003;0.62;0.289;0.091
0.6500000000000004;0.618;0.291;0.091
0.6600000000000004;0.616;0.29;0.094
0.6700000000000004;0.613;0.29;0.097
0.6800000000000004;0.608;0.291;0.101
0.6900000000000004;0.607;0.289;0.104
0.7000000000000004;0.604;0.291;0.105
0.7100000000000004;0.6;0.292;0.108
0.7200000000000004;0.595;0.294;0.111
0.7300000000000004;0.59;0.299;0.111
0.7400000000000004;0.59;0.299;0.111
0.7500000000000004;0.584;0.302;0.114
0.7600000000000005;0.579;0.305;0.116
0.7700000000000005;0.579;0.303;0.118
0.7800000000000005;0.579;0.3;0.121
0.7900000000000005;0.57;0.31;0.12
0.8000000000000005;0.569;0.313;0.118
0.8100000000000005;0.564;0.318;0.118
0.8200000000000005;0.563;0.319;0.118
0.8300000000000005;0.56;0.318;0.122
0.8400000000000005;0.557;0.316;0.127
0.8500000000000005;0.555;0.316;0.129
0.8600000000000005;0.551;0.314;0.135
0.8700000000000006;0.55;0.312;0.138
0.8800000000000006;0.546;0.314;0.14
0.8900000000000006;0.545;0.312;0.143
0.9000000000000006;0.543;0.315;0.142
0.9100000000000006;0.539;0.32;0.141
0.9200000000000006;0.535;0.322;0.143
0.9300000000000006;0.533;0.322;0.145
0.9400000000000006;0.53;0.323;0.147
0.9500000000000006;0.527;0.324;0.149
0.9600000000000006;0.526;0.319;0.155
0.9700000000000006;0.526;0.314;0.16
0.9800000000000006;0.522;0.315;0.163
0.9900000000000007;0.521;0.313;0.166
1.0000000000000007;0.522;0.312;0.166
1.0100000000000007;0.52;0.312;0.168
1.0200000000000007;0.514;0.316;0.17
1.0300000000000007;0.512;0.319;0.169
1.0400000000000007;0.509;0.323;0.168
1.0500000000000007;0.504;0.327;0.169
1.0600000000000007;0.503;0.327;0.17
1.0700000000000007;0.502;0.328;0.17
1.0800000000000007;0.499;0.327;0.174
1.0900000000000007;0.501;0.324;0.175
1.1000000000000008;0.498;0.324;0.178
1.1100000000000008;0.495;0.325;0.18
1.1200000000000008;0.493;0.321;0.186
1.1300000000000008;0.491;0.322;0.187
1.1400000000000008;0.49;0.318;0.192
1.1500000000000008;0.488;0.313;0.199
1.1600000000000008;0.483;0.316;0.201
1.1700000000000008;0.479;0.32;0.201
1.1800000000000008;0.478;0.318;0.204
1.1900000000000008;0.475;0.322;0.203
1.2000000000000008;0.476;0.322;0.202
1.2100000000000009;0.472;0.327;0.201
1.2200000000000009;0.468;0.33;0.202
1.2300000000000009;0.465;0.335;0.2
1.2400000000000009;0.466;0.334;0.2
1.2500000000000009;0.462;0.335;0.203
1.260000000000001;0.459;0.339;0.202
1.270000000000001;0.46;0.341;0.199
1.280000000000001;0.459;0.341;0.2
1.290000000000001;0.459;0.337;0.204
1.300000000000001;0.459;0.337;0.204
1.310000000000001;0.457;0.332;0.211
1.320000000000001;0.456;0.329;0.215
1.330000000000001;0.456;0.326;0.218
1.340000000000001;0.452;0.328;0.22
1.350000000000001;0.45;0.327;0.223
1.360000000000001;0.449;0.328;0.223
1.370000000000001;0.448;0.329;0.223
1.380000000000001;0.445;0.33;0.225
1.390000000000001;0.443;0.33;0.227
1.400000000000001;0.435;0.335;0.23
1.410000000000001;0.436;0.337;0.227
1.420000000000001;0.436;0.337;0.227
1.430000000000001;0.435;0.339;0.226
1.440000000000001;0.436;0.336;0.228
1.450000000000001;0.436;0.334;0.23
1.460000000000001;0.435;0.331;0.234
1.470000000000001;0.433;0.332;0.235
1.480000000000001;0.432;0.333;0.235
1.490000000000001;0.429;0.336;0.235
1.500000000000001;0.422;0.342;0.236
1.5100000000000011;0.42;0.342;0.238
1.5200000000000011;0.417;0.341;0.242
1.5300000000000011;0.412;0.346;0.242
1.5400000000000011;0.411;0.344;0.245
1.5500000000000012;0.407;0.343;0.25
1.5600000000000012;0.403;0.347;0.25
1.5700000000000012;0.405;0.344;0.251
1.5800000000000012;0.406;0.341;0.253
1.5900000000000012;0.406;0.343;0.251
1.6000000000000012;0.406;0.343;0.251
1.6100000000000012;0.405;0.34;0.255
1.6200000000000012;0.402;0.341;0.257
1.6300000000000012;0.4;0.343;0.257
1.6400000000000012;0.397;0.346;0.257
1.6500000000000012;0.395;0.352;0.253
1.6600000000000013;0.391;0.359;0.25
1.6700000000000013;0.39;0.361;0.249
1.6800000000000013;0.388;0.356;0.256
1.6900000000000013;0.391;0.351;0.258
1.7000000000000013;0.389;0.351;0.26
1.7100000000000013;0.386;0.354;0.26
1.7200000000000013;0.383;0.354;0.263
1.7300000000000013;0.382;0.347;0.271
1.7400000000000013;0.382;0.345;0.273
1.7500000000000013;0.379;0.348;0.273
1.7600000000000013;0.378;0.347;0.275
1.7700000000000014;0.378;0.347;0.275
1.7800000000000014;0.377;0.349;0.274
1.7900000000000014;0.374;0.355;0.271
1.8000000000000014;0.374;0.353;0.273
1.8100000000000014;0.37;0.358;0.272
1.8200000000000014;0.369;0.359;0.272
1.8300000000000014;0.367;0.363;0.27
1.8400000000000014;0.362;0.365;0.273
1.8500000000000014;0.361;0.366;0.273
1.8600000000000014;0.357;0.371;0.272
1.8700000000000014;0.351;0.377;0.272
1.8800000000000014;0.355;0.374;0.271
1.8900000000000015;0.358;0.372;0.27
1.9000000000000015;0.354;0.376;0.27
1.9100000000000015;0.356;0.368;0.276
1.9200000000000015;0.356;0.364;0.28
1.9300000000000015;0.354;0.366;0.28
1.9400000000000015;0.351;0.365;0.284
1.9500000000000015;0.351;0.365;0.284
1.9600000000000015;0.347;0.368;0.285
1.9700000000000015;0.345;0.369;0.286
1.9800000000000015;0.341;0.375;0.284
1.9900000000000015;0.338;0.38;0.282
